"Year" "ambient CO2 [ppmv]" "elevated CO2 [ppmv]" "Ndep [kg N ha-1 yr-1]"
1750 276.84 276.84 2.25
1751 276.82 276.82 2.25
1752 276.79 276.79 2.25
1753 276.78 276.78 2.25
1754 276.77 276.77 2.25
1755 276.76 276.76 2.25
1756 276.77 276.77 2.25
1757 276.79 276.79 2.25
1758 276.83 276.83 2.25
1759 276.87 276.87 2.25
1760 276.93 276.93 2.25
1761 277.01 277.01 2.25
1762 277.1 277.1 2.25
1763 277.2 277.2 2.25
1764 277.32 277.32 2.26
1765 277.45 277.45 2.26
1766 277.59 277.59 2.26
1767 277.74 277.74 2.26
1768 277.9 277.9 2.26
1769 278.06 278.06 2.26
1770 278.22 278.22 2.26
1771 278.38 278.38 2.26
1772 278.54 278.54 2.27
1773 278.69 278.69 2.27
1774 278.84 278.84 2.27
1775 278.99 278.99 2.27
1776 279.13 279.13 2.27
1777 279.27 279.27 2.27
1778 279.41 279.41 2.27
1779 279.54 279.54 2.27
1780 279.67 279.67 2.27
1781 279.81 279.81 2.28
1782 279.95 279.95 2.28
1783 280.09 280.09 2.28
1784 280.24 280.24 2.28
1785 280.4 280.4 2.28
1786 280.5 280.5 2.28
1787 280.75 280.75 2.28
1788 280.95 280.95 2.28
1789 281.15 281.15 2.29
1790 281.37 281.37 2.29
1791 281.6 281.6 2.29
1792 281.83 281.83 2.29
1793 282.07 282.07 2.29
1794 282.31 282.31 2.3
1795 282.56 282.56 2.3
1796 282.8 282.8 2.3
1797 283.03 283.03 2.3
1798 283.26 283.26 2.3
1799 283.48 283.48 2.31
1800 283.68 283.68 2.31
1801 283.87 283.87 2.31
1802 284.05 284.05 2.31
1803 284.21 284.21 2.31
1804 284.35 284.35 2.31
1805 284.48 284.48 2.31
1806 284.59 284.59 2.31
1807 284.69 284.69 2.32
1808 284.78 284.78 2.32
1809 284.85 284.85 2.32
1810 284.91 284.91 2.32
1811 284.96 284.96 2.32
1812 285 285 2.32
1813 285.04 285.04 2.32
1814 285.06 285.06 2.32
1815 285.08 285.08 2.32
1816 285.09 285.09 2.32
1817 285.09 285.09 2.32
1818 285.08 285.08 2.32
1819 285.06 285.06 2.32
1820 285.04 285.04 2.32
1821 285 285 2.32
1822 284.96 284.96 2.32
1823 284.91 284.91 2.32
1824 284.85 284.85 2.32
1825 284.78 284.78 2.32
1826 284.71 284.71 2.32
1827 284.63 284.63 2.31
1828 284.55 284.55 2.31
1829 284.47 284.47 2.31
1830 284.39 284.39 2.31
1831 284.32 284.32 2.31
1832 284.25 284.25 2.31
1833 284.19 284.19 2.31
1834 284.15 284.15 2.31
1835 284.12 284.12 2.31
1836 284.1 284.1 2.31
1837 284.1 284.1 2.31
1838 284.1 284.1 2.31
1839 284.14 284.14 2.31
1840 284.19 284.19 2.31
1841 284.26 284.26 2.31
1842 284.33 284.33 2.31
1843 284.42 284.42 2.31
1844 284.53 284.53 2.31
1845 284.64 284.64 2.31
1846 284.75 284.75 2.32
1847 284.87 284.87 2.32
1848 284.99 284.99 2.32
1849 285.12 285.12 2.32
1850 285.24 285.24 2.32
1851 285.35 285.35 2.32
1852 285.46 285.46 2.32
1853 285.57 285.57 2.32
1854 285.67 285.67 2.32
1855 285.76 285.76 2.32
1856 285.85 285.85 2.32
1857 285.93 285.93 2.33
1858 286.01 286.01 2.33
1859 286.08 286.08 2.33
1860 286.16 286.16 2.33
1861 286.23 286.23 2.33
1862 286.32 286.32 2.33
1863 286.41 286.41 2.33
1864 286.51 286.51 2.33
1865 286.63 286.63 2.33
1866 286.76 286.76 2.33
1867 286.91 286.91 2.33
1868 287.08 287.08 2.33
1869 287.27 287.27 2.34
1870 287.49 287.49 2.34
1871 287.73 287.73 2.34
1872 287.99 287.99 2.34
1873 288.28 288.28 2.34
1874 288.59 288.59 2.35
1875 288.91 288.91 2.35
1876 289.26 289.26 2.35
1877 289.62 289.62 2.36
1878 289.99 289.99 2.36
1879 290.37 290.37 2.36
1880 290.75 290.75 2.36
1881 291.13 291.13 2.37
1882 291.5 291.5 2.37
1883 291.87 291.87 2.37
1884 292.23 292.23 2.38
1885 292.57 292.57 2.38
1886 292.9 292.9 2.38
1887 293.22 293.22 2.38
1888 293.52 293.52 2.39
1889 293.81 293.81 2.39
1890 294.08 294.08 2.39
1891 294.35 294.35 2.39
1892 294.6 294.6 2.4
1893 294.84 294.84 2.4
1894 295.08 295.08 2.4
1895 295.32 295.32 2.4
1896 295.56 295.56 2.4
1897 295.81 295.81 2.41
1898 296.06 296.06 2.41
1899 296.32 296.32 2.41
1900 296.59 296.59 2.41
1901 296.87 296.87 2.41
1902 297.15 297.15 2.42
1903 297.45 297.45 2.42
1904 297.76 297.76 2.42
1905 298.07 298.07 2.42
1906 298.39 298.39 2.43
1907 298.72 298.72 2.43
1908 299.05 299.05 2.43
1909 299.38 299.38 2.43
1910 299.71 299.71 2.44
1911 300.04 300.04 2.44
1912 300.37 300.37 2.44
1913 300.69 300.69 2.45
1914 301.02 301.02 2.45
1915 301.35 301.35 2.45
1916 301.68 301.68 2.45
1917 302.01 302.01 2.46
1918 302.34 302.34 2.46
1919 302.68 302.68 2.46
1920 303.02 303.02 2.46
1921 303.37 303.37 2.47
1922 303.73 303.73 2.47
1923 304.09 304.09 2.47
1924 304.46 304.46 2.48
1925 304.83 304.83 2.48
1926 305.21 305.21 2.48
1927 305.59 305.59 2.49
1928 305.96 305.96 2.49
1929 306.34 306.34 2.49
1930 306.71 306.71 2.49
1931 307.06 307.06 2.5
1932 307.41 307.41 2.5
1933 307.74 307.74 2.5
1934 308.06 308.06 2.51
1935 308.36 308.36 2.51
1936 308.63 308.63 2.51
1937 308.89 308.89 2.51
1938 309.13 309.13 2.51
1939 309.35 309.35 2.52
1940 309.55 309.55 2.52
1941 309.74 309.74 2.52
1942 309.92 309.92 2.52
1943 310.09 310.09 2.52
1944 310.26 310.26 2.52
1945 310.43 310.43 2.52
1946 310.61 310.61 2.53
1947 310.8 310.8 2.53
1948 311.01 311.01 2.53
1949 311.24 311.24 2.53
1950 311.5 311.5 2.53
1951 311.79 311.79 2.54
1952 312.12 312.12 2.54
1953 312.49 312.49 2.54
1954 312.9 312.9 2.54
1955 313.36 313.36 2.55
1956 313.86 313.86 2.55
1957 314.42 314.42 2.56
1958 315.15 315.15 2.56
1959 316.14 316.14 2.57
1960 317.07 317.07 2.58
1961 317.87 317.87 2.59
1962 318.5 318.5 2.59
1963 318.63 318.63 2.59
1964 319.14 319.14 2.6
1965 319.72 319.72 2.6
1966 321.06 321.06 2.61
1967 321.74 321.74 2.62
1968 322.52 322.52 2.62
1969 323.86 323.86 2.63
1970 325.01 325.01 2.64
1971 325.72 325.72 2.65
1972 326.71 326.71 2.66
1973 328.65 328.65 2.67
1974 329.35 329.35 2.68
1975 330.34 330.34 2.69
1976 331.38 331.38 2.7
1977 332.96 332.96 2.71
1978 334.6 334.6 2.72
1979 335.93 335.93 2.73
1980 337.83 337.83 2.75
1981 339.08 339.08 2.76
1982 340.25 340.25 2.77
1983 341.98 341.98 2.78
1984 343.49 343.49 2.79
1985 344.85 344.85 2.8
1986 346.24 346.24 2.82
1987 347.96 347.96 2.83
1988 350.21 350.21 2.85
1989 351.69 351.69 2.86
1990 352.97 352.97 2.87
1991 354.37 354.37 2.88
1992 355.33 355.33 2.89
1993 356.1 356.1 2.9
1994 357.68 357.68 2.91
1995 359.837 359.837 2.93
1996 361.462 361.462 2.94
1997 363.155 363.155 2.95
1998 365.322 365.322 2.97
1999 367.348 367.348 2.99
2000 368.865 368.865 3
2001 370.467 370.467 3.01
2002 372.522 372.522 3.03
2003 374.76 374.76 3.05
2004 376.812 376.812 3.06
2005 378.812 378.812 3.08
2006 380.827 380.827 3.1
2007 382.777 382.777 3.11
2008 384.8 384.8 3.13
2009 387.001 387.001 3.15
2010 389.285 389.285 3.17
2011 391.563 391.563 3.18
2012 393.843 393.843 3.2
2013 396.117 546.117 3.22
2014 398.396 548.396 3.24
2015 400.681 550.681 3.26
2016 402.968 552.968 3.28
2017 405.252 555.252 3.3
2018 407.529 557.529 3.31
2019 409.8 559.8 3.33
2020 412.068 562.068 3.35
2021 414.326 564.326 3.37
2022 416.517 566.517 3.39
2023 418.603 568.603 3.4
